Some((
    red: 0.43137255,
    green: 0.4509804,
    blue: 0.5529412,
))