Some((
    red: 0.5411765,
    green: 0.6784314,
    blue: 0.95686275,
))